Start (s),End (s),Scientific name,Common name,Confidence,File
3.0,6.0,Baeolophus bicolor,Tufted Titmouse,0.4886,D:\Bird_Anuran_ARUs\IF03\SMM2-28_20260413_061502.wav
6.0,9.0,Baeolophus bicolor,Tufted Titmouse,0.5562,D:\Bird_Anuran_ARUs\IF03\SMM2-28_20260413_061502.wav
9.0,12.0,Baeolophus bicolor,Tufted Titmouse,0.4921,D:\Bird_Anuran_ARUs\IF03\SMM2-28_20260413_061502.wav
15.0,18.0,Baeolophus bicolor,Tufted Titmouse,0.8487,D:\Bird_Anuran_ARUs\IF03\SMM2-28_20260413_061502.wav
18.0,21.0,Baeolophus bicolor,Tufted Titmouse,0.3119,D:\Bird_Anuran_ARUs\IF03\SMM2-28_20260413_061502.wav
21.0,24.0,Baeolophus bicolor,Tufted Titmouse,0.4319,D:\Bird_Anuran_ARUs\IF03\SMM2-28_20260413_061502.wav
24.0,27.0,Baeolophus bicolor,Tufted Titmouse,0.4969,D:\Bird_Anuran_ARUs\IF03\SMM2-28_20260413_061502.wav
27.0,30.0,Baeolophus bicolor,Tufted Titmouse,0.7680,D:\Bird_Anuran_ARUs\IF03\SMM2-28_20260413_061502.wav
30.0,33.0,Baeolophus bicolor,Tufted Titmouse,0.4554,D:\Bird_Anuran_ARUs\IF03\SMM2-28_20260413_061502.wav
33.0,36.0,Baeolophus bicolor,Tufted Titmouse,0.2719,D:\Bird_Anuran_ARUs\IF03\SMM2-28_20260413_061502.wav
36.0,39.0,Setophaga pinus,Pine Warbler,0.8443,D:\Bird_Anuran_ARUs\IF03\SMM2-28_20260413_061502.wav
39.0,42.0,Baeolophus bicolor,Tufted Titmouse,0.6810,D:\Bird_Anuran_ARUs\IF03\SMM2-28_20260413_061502.wav
42.0,45.0,Baeolophus bicolor,Tufted Titmouse,0.5049,D:\Bird_Anuran_ARUs\IF03\SMM2-28_20260413_061502.wav
45.0,48.0,Baeolophus bicolor,Tufted Titmouse,0.4164,D:\Bird_Anuran_ARUs\IF03\SMM2-28_20260413_061502.wav
48.0,51.0,Baeolophus bicolor,Tufted Titmouse,0.2737,D:\Bird_Anuran_ARUs\IF03\SMM2-28_20260413_061502.wav
51.0,54.0,Baeolophus bicolor,Tufted Titmouse,0.6162,D:\Bird_Anuran_ARUs\IF03\SMM2-28_20260413_061502.wav
54.0,57.0,Baeolophus bicolor,Tufted Titmouse,0.3216,D:\Bird_Anuran_ARUs\IF03\SMM2-28_20260413_061502.wav
57.0,60.0,Baeolophus bicolor,Tufted Titmouse,0.5503,D:\Bird_Anuran_ARUs\IF03\SMM2-28_20260413_061502.wav
60.0,63.0,Baeolophus bicolor,Tufted Titmouse,0.8140,D:\Bird_Anuran_ARUs\IF03\SMM2-28_20260413_061502.wav
63.0,66.0,Baeolophus bicolor,Tufted Titmouse,0.4509,D:\Bird_Anuran_ARUs\IF03\SMM2-28_20260413_061502.wav
66.0,69.0,Baeolophus bicolor,Tufted Titmouse,0.8845,D:\Bird_Anuran_ARUs\IF03\SMM2-28_20260413_061502.wav
72.0,75.0,Setophaga pinus,Pine Warbler,0.3898,D:\Bird_Anuran_ARUs\IF03\SMM2-28_20260413_061502.wav
72.0,75.0,Baeolophus bicolor,Tufted Titmouse,0.3079,D:\Bird_Anuran_ARUs\IF03\SMM2-28_20260413_061502.wav
75.0,78.0,Setophaga pinus,Pine Warbler,0.5897,D:\Bird_Anuran_ARUs\IF03\SMM2-28_20260413_061502.wav
99.0,102.0,Vireo griseus,White-eyed Vireo,0.3091,D:\Bird_Anuran_ARUs\IF03\SMM2-28_20260413_061502.wav
108.0,111.0,Baeolophus bicolor,Tufted Titmouse,0.3227,D:\Bird_Anuran_ARUs\IF03\SMM2-28_20260413_061502.wav
120.0,123.0,Vireo griseus,White-eyed Vireo,0.2710,D:\Bird_Anuran_ARUs\IF03\SMM2-28_20260413_061502.wav
126.0,129.0,Vireo griseus,White-eyed Vireo,0.4898,D:\Bird_Anuran_ARUs\IF03\SMM2-28_20260413_061502.wav
129.0,132.0,Vireo griseus,White-eyed Vireo,0.3233,D:\Bird_Anuran_ARUs\IF03\SMM2-28_20260413_061502.wav
150.0,153.0,Vireo griseus,White-eyed Vireo,0.2519,D:\Bird_Anuran_ARUs\IF03\SMM2-28_20260413_061502.wav
159.0,162.0,Setophaga dominica,Yellow-throated Warbler,0.2793,D:\Bird_Anuran_ARUs\IF03\SMM2-28_20260413_061502.wav
159.0,162.0,Baeolophus bicolor,Tufted Titmouse,0.2592,D:\Bird_Anuran_ARUs\IF03\SMM2-28_20260413_061502.wav
162.0,165.0,Setophaga dominica,Yellow-throated Warbler,0.2739,D:\Bird_Anuran_ARUs\IF03\SMM2-28_20260413_061502.wav
171.0,174.0,Baeolophus bicolor,Tufted Titmouse,0.2817,D:\Bird_Anuran_ARUs\IF03\SMM2-28_20260413_061502.wav
171.0,174.0,Setophaga dominica,Yellow-throated Warbler,0.2742,D:\Bird_Anuran_ARUs\IF03\SMM2-28_20260413_061502.wav
177.0,180.0,Vireo griseus,White-eyed Vireo,0.3220,D:\Bird_Anuran_ARUs\IF03\SMM2-28_20260413_061502.wav
198.0,201.0,Setophaga citrina,Hooded Warbler,0.3753,D:\Bird_Anuran_ARUs\IF03\SMM2-28_20260413_061502.wav
240.0,243.0,Setophaga pinus,Pine Warbler,0.7562,D:\Bird_Anuran_ARUs\IF03\SMM2-28_20260413_061502.wav
264.0,267.0,Cardinalis cardinalis,Northern Cardinal,0.3735,D:\Bird_Anuran_ARUs\IF03\SMM2-28_20260413_061502.wav
270.0,273.0,Cardinalis cardinalis,Northern Cardinal,0.3326,D:\Bird_Anuran_ARUs\IF03\SMM2-28_20260413_061502.wav
279.0,282.0,Setophaga pinus,Pine Warbler,0.2761,D:\Bird_Anuran_ARUs\IF03\SMM2-28_20260413_061502.wav
282.0,285.0,Cardinalis cardinalis,Northern Cardinal,0.5314,D:\Bird_Anuran_ARUs\IF03\SMM2-28_20260413_061502.wav
285.0,288.0,Corvus brachyrhynchos,American Crow,0.4400,D:\Bird_Anuran_ARUs\IF03\SMM2-28_20260413_061502.wav
288.0,291.0,Setophaga pinus,Pine Warbler,0.6628,D:\Bird_Anuran_ARUs\IF03\SMM2-28_20260413_061502.wav
297.0,300.0,Cardinalis cardinalis,Northern Cardinal,0.2933,D:\Bird_Anuran_ARUs\IF03\SMM2-28_20260413_061502.wav
300.0,303.0,Setophaga pinus,Pine Warbler,0.3410,D:\Bird_Anuran_ARUs\IF03\SMM2-28_20260413_061502.wav
306.0,309.0,Cardinalis cardinalis,Northern Cardinal,0.5737,D:\Bird_Anuran_ARUs\IF03\SMM2-28_20260413_061502.wav
309.0,312.0,Setophaga dominica,Yellow-throated Warbler,0.2902,D:\Bird_Anuran_ARUs\IF03\SMM2-28_20260413_061502.wav
324.0,327.0,Molothrus ater,Brown-headed Cowbird,0.3636,D:\Bird_Anuran_ARUs\IF03\SMM2-28_20260413_061502.wav
351.0,354.0,Cardinalis cardinalis,Northern Cardinal,0.2542,D:\Bird_Anuran_ARUs\IF03\SMM2-28_20260413_061502.wav
354.0,357.0,Cardinalis cardinalis,Northern Cardinal,0.3435,D:\Bird_Anuran_ARUs\IF03\SMM2-28_20260413_061502.wav
357.0,360.0,Cardinalis cardinalis,Northern Cardinal,0.7573,D:\Bird_Anuran_ARUs\IF03\SMM2-28_20260413_061502.wav
369.0,372.0,Cardinalis cardinalis,Northern Cardinal,0.4659,D:\Bird_Anuran_ARUs\IF03\SMM2-28_20260413_061502.wav
390.0,393.0,Cardinalis cardinalis,Northern Cardinal,0.7111,D:\Bird_Anuran_ARUs\IF03\SMM2-28_20260413_061502.wav
396.0,399.0,Cardinalis cardinalis,Northern Cardinal,0.6914,D:\Bird_Anuran_ARUs\IF03\SMM2-28_20260413_061502.wav
402.0,405.0,Corvus brachyrhynchos,American Crow,0.2821,D:\Bird_Anuran_ARUs\IF03\SMM2-28_20260413_061502.wav
405.0,408.0,Cardinalis cardinalis,Northern Cardinal,0.2525,D:\Bird_Anuran_ARUs\IF03\SMM2-28_20260413_061502.wav
414.0,417.0,Cardinalis cardinalis,Northern Cardinal,0.2998,D:\Bird_Anuran_ARUs\IF03\SMM2-28_20260413_061502.wav
423.0,426.0,Cardinalis cardinalis,Northern Cardinal,0.5631,D:\Bird_Anuran_ARUs\IF03\SMM2-28_20260413_061502.wav
423.0,426.0,Corvus brachyrhynchos,American Crow,0.3639,D:\Bird_Anuran_ARUs\IF03\SMM2-28_20260413_061502.wav
435.0,438.0,Corvus brachyrhynchos,American Crow,0.5991,D:\Bird_Anuran_ARUs\IF03\SMM2-28_20260413_061502.wav
435.0,438.0,Cardinalis cardinalis,Northern Cardinal,0.2598,D:\Bird_Anuran_ARUs\IF03\SMM2-28_20260413_061502.wav
438.0,441.0,Vireo griseus,White-eyed Vireo,0.2683,D:\Bird_Anuran_ARUs\IF03\SMM2-28_20260413_061502.wav
444.0,447.0,Corvus brachyrhynchos,American Crow,0.3970,D:\Bird_Anuran_ARUs\IF03\SMM2-28_20260413_061502.wav
459.0,462.0,Baeolophus bicolor,Tufted Titmouse,0.3060,D:\Bird_Anuran_ARUs\IF03\SMM2-28_20260413_061502.wav
492.0,495.0,Cardinalis cardinalis,Northern Cardinal,0.5722,D:\Bird_Anuran_ARUs\IF03\SMM2-28_20260413_061502.wav
498.0,501.0,Cardinalis cardinalis,Northern Cardinal,0.3971,D:\Bird_Anuran_ARUs\IF03\SMM2-28_20260413_061502.wav
504.0,507.0,Cardinalis cardinalis,Northern Cardinal,0.3733,D:\Bird_Anuran_ARUs\IF03\SMM2-28_20260413_061502.wav
507.0,510.0,Cardinalis cardinalis,Northern Cardinal,0.2900,D:\Bird_Anuran_ARUs\IF03\SMM2-28_20260413_061502.wav
513.0,516.0,Cardinalis cardinalis,Northern Cardinal,0.5848,D:\Bird_Anuran_ARUs\IF03\SMM2-28_20260413_061502.wav
519.0,522.0,Vireo griseus,White-eyed Vireo,0.4654,D:\Bird_Anuran_ARUs\IF03\SMM2-28_20260413_061502.wav
522.0,525.0,Cardinalis cardinalis,Northern Cardinal,0.7403,D:\Bird_Anuran_ARUs\IF03\SMM2-28_20260413_061502.wav
531.0,534.0,Cardinalis cardinalis,Northern Cardinal,0.6836,D:\Bird_Anuran_ARUs\IF03\SMM2-28_20260413_061502.wav
534.0,537.0,Cardinalis cardinalis,Northern Cardinal,0.3567,D:\Bird_Anuran_ARUs\IF03\SMM2-28_20260413_061502.wav
540.0,543.0,Cardinalis cardinalis,Northern Cardinal,0.7514,D:\Bird_Anuran_ARUs\IF03\SMM2-28_20260413_061502.wav
546.0,549.0,Cardinalis cardinalis,Northern Cardinal,0.2521,D:\Bird_Anuran_ARUs\IF03\SMM2-28_20260413_061502.wav
552.0,555.0,Cardinalis cardinalis,Northern Cardinal,0.6050,D:\Bird_Anuran_ARUs\IF03\SMM2-28_20260413_061502.wav
555.0,558.0,Cardinalis cardinalis,Northern Cardinal,0.3649,D:\Bird_Anuran_ARUs\IF03\SMM2-28_20260413_061502.wav
561.0,564.0,Cardinalis cardinalis,Northern Cardinal,0.6525,D:\Bird_Anuran_ARUs\IF03\SMM2-28_20260413_061502.wav
567.0,570.0,Cardinalis cardinalis,Northern Cardinal,0.3713,D:\Bird_Anuran_ARUs\IF03\SMM2-28_20260413_061502.wav
570.0,573.0,Cardinalis cardinalis,Northern Cardinal,0.7300,D:\Bird_Anuran_ARUs\IF03\SMM2-28_20260413_061502.wav
573.0,576.0,Cardinalis cardinalis,Northern Cardinal,0.3038,D:\Bird_Anuran_ARUs\IF03\SMM2-28_20260413_061502.wav
576.0,579.0,Cardinalis cardinalis,Northern Cardinal,0.5080,D:\Bird_Anuran_ARUs\IF03\SMM2-28_20260413_061502.wav
579.0,582.0,Cardinalis cardinalis,Northern Cardinal,0.7111,D:\Bird_Anuran_ARUs\IF03\SMM2-28_20260413_061502.wav
582.0,585.0,Cardinalis cardinalis,Northern Cardinal,0.8055,D:\Bird_Anuran_ARUs\IF03\SMM2-28_20260413_061502.wav
585.0,588.0,Cardinalis cardinalis,Northern Cardinal,0.7624,D:\Bird_Anuran_ARUs\IF03\SMM2-28_20260413_061502.wav
588.0,591.0,Cardinalis cardinalis,Northern Cardinal,0.8222,D:\Bird_Anuran_ARUs\IF03\SMM2-28_20260413_061502.wav
591.0,594.0,Cardinalis cardinalis,Northern Cardinal,0.8664,D:\Bird_Anuran_ARUs\IF03\SMM2-28_20260413_061502.wav
597.0,600.0,Cardinalis cardinalis,Northern Cardinal,0.6906,D:\Bird_Anuran_ARUs\IF03\SMM2-28_20260413_061502.wav
600.0,603.0,Cardinalis cardinalis,Northern Cardinal,0.9482,D:\Bird_Anuran_ARUs\IF03\SMM2-28_20260413_061502.wav
603.0,606.0,Cardinalis cardinalis,Northern Cardinal,0.9741,D:\Bird_Anuran_ARUs\IF03\SMM2-28_20260413_061502.wav
606.0,609.0,Cardinalis cardinalis,Northern Cardinal,0.5184,D:\Bird_Anuran_ARUs\IF03\SMM2-28_20260413_061502.wav
609.0,612.0,Cardinalis cardinalis,Northern Cardinal,0.9425,D:\Bird_Anuran_ARUs\IF03\SMM2-28_20260413_061502.wav
615.0,618.0,Cardinalis cardinalis,Northern Cardinal,0.9685,D:\Bird_Anuran_ARUs\IF03\SMM2-28_20260413_061502.wav
618.0,621.0,Cardinalis cardinalis,Northern Cardinal,0.8329,D:\Bird_Anuran_ARUs\IF03\SMM2-28_20260413_061502.wav
621.0,624.0,Cardinalis cardinalis,Northern Cardinal,0.9573,D:\Bird_Anuran_ARUs\IF03\SMM2-28_20260413_061502.wav
624.0,627.0,Cardinalis cardinalis,Northern Cardinal,0.6858,D:\Bird_Anuran_ARUs\IF03\SMM2-28_20260413_061502.wav
627.0,630.0,Vireo griseus,White-eyed Vireo,0.5703,D:\Bird_Anuran_ARUs\IF03\SMM2-28_20260413_061502.wav
630.0,633.0,Cardinalis cardinalis,Northern Cardinal,0.4523,D:\Bird_Anuran_ARUs\IF03\SMM2-28_20260413_061502.wav
639.0,642.0,Corvus brachyrhynchos,American Crow,0.4041,D:\Bird_Anuran_ARUs\IF03\SMM2-28_20260413_061502.wav
642.0,645.0,Corvus brachyrhynchos,American Crow,0.4475,D:\Bird_Anuran_ARUs\IF03\SMM2-28_20260413_061502.wav
648.0,651.0,Baeolophus bicolor,Tufted Titmouse,0.3158,D:\Bird_Anuran_ARUs\IF03\SMM2-28_20260413_061502.wav
660.0,663.0,Corvus brachyrhynchos,American Crow,0.5552,D:\Bird_Anuran_ARUs\IF03\SMM2-28_20260413_061502.wav
735.0,738.0,Pipilo erythrophthalmus,Eastern Towhee,0.2684,D:\Bird_Anuran_ARUs\IF03\SMM2-28_20260413_061502.wav
771.0,774.0,Baeolophus bicolor,Tufted Titmouse,0.3797,D:\Bird_Anuran_ARUs\IF03\SMM2-28_20260413_061502.wav
780.0,783.0,Setophaga pinus,Pine Warbler,0.3027,D:\Bird_Anuran_ARUs\IF03\SMM2-28_20260413_061502.wav
783.0,786.0,Cardinalis cardinalis,Northern Cardinal,0.6117,D:\Bird_Anuran_ARUs\IF03\SMM2-28_20260413_061502.wav
804.0,807.0,Cardinalis cardinalis,Northern Cardinal,0.6061,D:\Bird_Anuran_ARUs\IF03\SMM2-28_20260413_061502.wav
819.0,822.0,Cardinalis cardinalis,Northern Cardinal,0.6613,D:\Bird_Anuran_ARUs\IF03\SMM2-28_20260413_061502.wav
834.0,837.0,Setophaga citrina,Hooded Warbler,0.4191,D:\Bird_Anuran_ARUs\IF03\SMM2-28_20260413_061502.wav
843.0,846.0,Cardinalis cardinalis,Northern Cardinal,0.5840,D:\Bird_Anuran_ARUs\IF03\SMM2-28_20260413_061502.wav
855.0,858.0,Cardinalis cardinalis,Northern Cardinal,0.7001,D:\Bird_Anuran_ARUs\IF03\SMM2-28_20260413_061502.wav
858.0,861.0,Vireo griseus,White-eyed Vireo,0.5758,D:\Bird_Anuran_ARUs\IF03\SMM2-28_20260413_061502.wav
861.0,864.0,Cardinalis cardinalis,Northern Cardinal,0.4370,D:\Bird_Anuran_ARUs\IF03\SMM2-28_20260413_061502.wav
873.0,876.0,Empidonax virescens,Acadian Flycatcher,0.2542,D:\Bird_Anuran_ARUs\IF03\SMM2-28_20260413_061502.wav
876.0,879.0,Vireo griseus,White-eyed Vireo,0.2728,D:\Bird_Anuran_ARUs\IF03\SMM2-28_20260413_061502.wav
882.0,885.0,Geothlypis trichas,Common Yellowthroat,0.3646,D:\Bird_Anuran_ARUs\IF03\SMM2-28_20260413_061502.wav
885.0,888.0,Vireo griseus,White-eyed Vireo,0.4142,D:\Bird_Anuran_ARUs\IF03\SMM2-28_20260413_061502.wav
903.0,906.0,Vireo griseus,White-eyed Vireo,0.3479,D:\Bird_Anuran_ARUs\IF03\SMM2-28_20260413_061502.wav
927.0,930.0,Empidonax virescens,Acadian Flycatcher,0.4821,D:\Bird_Anuran_ARUs\IF03\SMM2-28_20260413_061502.wav
927.0,930.0,Vireo griseus,White-eyed Vireo,0.4004,D:\Bird_Anuran_ARUs\IF03\SMM2-28_20260413_061502.wav
930.0,933.0,Vireo griseus,White-eyed Vireo,0.2856,D:\Bird_Anuran_ARUs\IF03\SMM2-28_20260413_061502.wav
933.0,936.0,Empidonax virescens,Acadian Flycatcher,0.5418,D:\Bird_Anuran_ARUs\IF03\SMM2-28_20260413_061502.wav
936.0,939.0,Vireo griseus,White-eyed Vireo,0.7060,D:\Bird_Anuran_ARUs\IF03\SMM2-28_20260413_061502.wav
939.0,942.0,Vireo griseus,White-eyed Vireo,0.4020,D:\Bird_Anuran_ARUs\IF03\SMM2-28_20260413_061502.wav
978.0,981.0,Vireo griseus,White-eyed Vireo,0.2753,D:\Bird_Anuran_ARUs\IF03\SMM2-28_20260413_061502.wav
981.0,984.0,Empidonax virescens,Acadian Flycatcher,0.6377,D:\Bird_Anuran_ARUs\IF03\SMM2-28_20260413_061502.wav
1017.0,1020.0,Empidonax virescens,Acadian Flycatcher,0.3402,D:\Bird_Anuran_ARUs\IF03\SMM2-28_20260413_061502.wav
1026.0,1029.0,Empidonax virescens,Acadian Flycatcher,0.3390,D:\Bird_Anuran_ARUs\IF03\SMM2-28_20260413_061502.wav
1035.0,1038.0,Empidonax virescens,Acadian Flycatcher,0.2885,D:\Bird_Anuran_ARUs\IF03\SMM2-28_20260413_061502.wav
1041.0,1044.0,Empidonax virescens,Acadian Flycatcher,0.5553,D:\Bird_Anuran_ARUs\IF03\SMM2-28_20260413_061502.wav
1053.0,1056.0,Corvus brachyrhynchos,American Crow,0.9328,D:\Bird_Anuran_ARUs\IF03\SMM2-28_20260413_061502.wav
1065.0,1068.0,Empidonax virescens,Acadian Flycatcher,0.3107,D:\Bird_Anuran_ARUs\IF03\SMM2-28_20260413_061502.wav
1068.0,1071.0,Corvus brachyrhynchos,American Crow,0.3579,D:\Bird_Anuran_ARUs\IF03\SMM2-28_20260413_061502.wav
1077.0,1080.0,Empidonax virescens,Acadian Flycatcher,0.4657,D:\Bird_Anuran_ARUs\IF03\SMM2-28_20260413_061502.wav
1092.0,1095.0,Corvus brachyrhynchos,American Crow,0.2938,D:\Bird_Anuran_ARUs\IF03\SMM2-28_20260413_061502.wav
1095.0,1098.0,Empidonax virescens,Acadian Flycatcher,0.2811,D:\Bird_Anuran_ARUs\IF03\SMM2-28_20260413_061502.wav
1113.0,1116.0,Empidonax virescens,Acadian Flycatcher,0.3389,D:\Bird_Anuran_ARUs\IF03\SMM2-28_20260413_061502.wav
1119.0,1122.0,Vireo griseus,White-eyed Vireo,0.5414,D:\Bird_Anuran_ARUs\IF03\SMM2-28_20260413_061502.wav
1125.0,1128.0,Corvus brachyrhynchos,American Crow,0.4588,D:\Bird_Anuran_ARUs\IF03\SMM2-28_20260413_061502.wav
1140.0,1143.0,Vireo griseus,White-eyed Vireo,0.2736,D:\Bird_Anuran_ARUs\IF03\SMM2-28_20260413_061502.wav
1179.0,1182.0,Corvus brachyrhynchos,American Crow,0.3839,D:\Bird_Anuran_ARUs\IF03\SMM2-28_20260413_061502.wav
1185.0,1188.0,Seiurus aurocapilla,Ovenbird,0.5699,D:\Bird_Anuran_ARUs\IF03\SMM2-28_20260413_061502.wav
1194.0,1197.0,Vireo griseus,White-eyed Vireo,0.3548,D:\Bird_Anuran_ARUs\IF03\SMM2-28_20260413_061502.wav
1197.0,1200.0,Cardinalis cardinalis,Northern Cardinal,0.2873,D:\Bird_Anuran_ARUs\IF03\SMM2-28_20260413_061502.wav
1203.0,1206.0,Setophaga citrina,Hooded Warbler,0.2610,D:\Bird_Anuran_ARUs\IF03\SMM2-28_20260413_061502.wav
1215.0,1218.0,Corvus brachyrhynchos,American Crow,0.3083,D:\Bird_Anuran_ARUs\IF03\SMM2-28_20260413_061502.wav
1230.0,1233.0,Corvus brachyrhynchos,American Crow,0.8518,D:\Bird_Anuran_ARUs\IF03\SMM2-28_20260413_061502.wav
1236.0,1239.0,Corvus brachyrhynchos,American Crow,0.5446,D:\Bird_Anuran_ARUs\IF03\SMM2-28_20260413_061502.wav
1236.0,1239.0,Baeolophus bicolor,Tufted Titmouse,0.3805,D:\Bird_Anuran_ARUs\IF03\SMM2-28_20260413_061502.wav
1242.0,1245.0,Corvus brachyrhynchos,American Crow,0.9670,D:\Bird_Anuran_ARUs\IF03\SMM2-28_20260413_061502.wav
1242.0,1245.0,Setophaga citrina,Hooded Warbler,0.8108,D:\Bird_Anuran_ARUs\IF03\SMM2-28_20260413_061502.wav
1245.0,1248.0,Seiurus aurocapilla,Ovenbird,0.2732,D:\Bird_Anuran_ARUs\IF03\SMM2-28_20260413_061502.wav
1254.0,1257.0,Corvus brachyrhynchos,American Crow,0.7590,D:\Bird_Anuran_ARUs\IF03\SMM2-28_20260413_061502.wav
1254.0,1257.0,Baeolophus bicolor,Tufted Titmouse,0.5929,D:\Bird_Anuran_ARUs\IF03\SMM2-28_20260413_061502.wav
1254.0,1257.0,Setophaga citrina,Hooded Warbler,0.2656,D:\Bird_Anuran_ARUs\IF03\SMM2-28_20260413_061502.wav
1257.0,1260.0,Baeolophus bicolor,Tufted Titmouse,0.2545,D:\Bird_Anuran_ARUs\IF03\SMM2-28_20260413_061502.wav
1263.0,1266.0,Setophaga dominica,Yellow-throated Warbler,0.3023,D:\Bird_Anuran_ARUs\IF03\SMM2-28_20260413_061502.wav
1290.0,1293.0,Corvus brachyrhynchos,American Crow,0.4171,D:\Bird_Anuran_ARUs\IF03\SMM2-28_20260413_061502.wav
1311.0,1314.0,Corvus brachyrhynchos,American Crow,0.7165,D:\Bird_Anuran_ARUs\IF03\SMM2-28_20260413_061502.wav
1311.0,1314.0,Setophaga citrina,Hooded Warbler,0.2535,D:\Bird_Anuran_ARUs\IF03\SMM2-28_20260413_061502.wav
1317.0,1320.0,Limnothlypis swainsonii,Swainson's Warbler,0.2791,D:\Bird_Anuran_ARUs\IF03\SMM2-28_20260413_061502.wav
1335.0,1338.0,Seiurus aurocapilla,Ovenbird,0.2741,D:\Bird_Anuran_ARUs\IF03\SMM2-28_20260413_061502.wav
1353.0,1356.0,Vireo griseus,White-eyed Vireo,0.3291,D:\Bird_Anuran_ARUs\IF03\SMM2-28_20260413_061502.wav
1362.0,1365.0,Setophaga citrina,Hooded Warbler,0.2988,D:\Bird_Anuran_ARUs\IF03\SMM2-28_20260413_061502.wav
1392.0,1395.0,Setophaga pinus,Pine Warbler,0.6539,D:\Bird_Anuran_ARUs\IF03\SMM2-28_20260413_061502.wav
1395.0,1398.0,Setophaga pinus,Pine Warbler,0.9015,D:\Bird_Anuran_ARUs\IF03\SMM2-28_20260413_061502.wav
1407.0,1410.0,Setophaga pinus,Pine Warbler,0.3251,D:\Bird_Anuran_ARUs\IF03\SMM2-28_20260413_061502.wav
1431.0,1434.0,Vireo griseus,White-eyed Vireo,0.4743,D:\Bird_Anuran_ARUs\IF03\SMM2-28_20260413_061502.wav
1437.0,1440.0,Vireo griseus,White-eyed Vireo,0.3235,D:\Bird_Anuran_ARUs\IF03\SMM2-28_20260413_061502.wav
1443.0,1446.0,Vireo griseus,White-eyed Vireo,0.5039,D:\Bird_Anuran_ARUs\IF03\SMM2-28_20260413_061502.wav
1449.0,1452.0,Vireo griseus,White-eyed Vireo,0.2533,D:\Bird_Anuran_ARUs\IF03\SMM2-28_20260413_061502.wav
1461.0,1464.0,Corvus brachyrhynchos,American Crow,0.7081,D:\Bird_Anuran_ARUs\IF03\SMM2-28_20260413_061502.wav
1464.0,1467.0,Vireo griseus,White-eyed Vireo,0.3761,D:\Bird_Anuran_ARUs\IF03\SMM2-28_20260413_061502.wav
1473.0,1476.0,Vireo griseus,White-eyed Vireo,0.7170,D:\Bird_Anuran_ARUs\IF03\SMM2-28_20260413_061502.wav
1545.0,1548.0,Vireo griseus,White-eyed Vireo,0.7438,D:\Bird_Anuran_ARUs\IF03\SMM2-28_20260413_061502.wav
1548.0,1551.0,Molothrus ater,Brown-headed Cowbird,0.7831,D:\Bird_Anuran_ARUs\IF03\SMM2-28_20260413_061502.wav
1557.0,1560.0,Molothrus ater,Brown-headed Cowbird,0.8411,D:\Bird_Anuran_ARUs\IF03\SMM2-28_20260413_061502.wav
1563.0,1566.0,Vireo griseus,White-eyed Vireo,0.5671,D:\Bird_Anuran_ARUs\IF03\SMM2-28_20260413_061502.wav
1572.0,1575.0,Molothrus ater,Brown-headed Cowbird,0.6105,D:\Bird_Anuran_ARUs\IF03\SMM2-28_20260413_061502.wav
1578.0,1581.0,Molothrus ater,Brown-headed Cowbird,0.8333,D:\Bird_Anuran_ARUs\IF03\SMM2-28_20260413_061502.wav
1581.0,1584.0,Corvus brachyrhynchos,American Crow,0.7020,D:\Bird_Anuran_ARUs\IF03\SMM2-28_20260413_061502.wav
1590.0,1593.0,Vireo griseus,White-eyed Vireo,0.4129,D:\Bird_Anuran_ARUs\IF03\SMM2-28_20260413_061502.wav
1602.0,1605.0,Vireo griseus,White-eyed Vireo,0.6262,D:\Bird_Anuran_ARUs\IF03\SMM2-28_20260413_061502.wav
1617.0,1620.0,Baeolophus bicolor,Tufted Titmouse,0.3194,D:\Bird_Anuran_ARUs\IF03\SMM2-28_20260413_061502.wav
1641.0,1644.0,Vireo griseus,White-eyed Vireo,0.3661,D:\Bird_Anuran_ARUs\IF03\SMM2-28_20260413_061502.wav
1647.0,1650.0,Vireo griseus,White-eyed Vireo,0.3760,D:\Bird_Anuran_ARUs\IF03\SMM2-28_20260413_061502.wav
1659.0,1662.0,Setophaga citrina,Hooded Warbler,0.3881,D:\Bird_Anuran_ARUs\IF03\SMM2-28_20260413_061502.wav
1677.0,1680.0,Poecile carolinensis,Carolina Chickadee,0.3253,D:\Bird_Anuran_ARUs\IF03\SMM2-28_20260413_061502.wav
1683.0,1686.0,Setophaga citrina,Hooded Warbler,0.2704,D:\Bird_Anuran_ARUs\IF03\SMM2-28_20260413_061502.wav
1689.0,1692.0,Corvus brachyrhynchos,American Crow,0.4369,D:\Bird_Anuran_ARUs\IF03\SMM2-28_20260413_061502.wav
1689.0,1692.0,Poecile carolinensis,Carolina Chickadee,0.3260,D:\Bird_Anuran_ARUs\IF03\SMM2-28_20260413_061502.wav
1692.0,1695.0,Poecile carolinensis,Carolina Chickadee,0.3908,D:\Bird_Anuran_ARUs\IF03\SMM2-28_20260413_061502.wav
1695.0,1698.0,Poecile carolinensis,Carolina Chickadee,0.3157,D:\Bird_Anuran_ARUs\IF03\SMM2-28_20260413_061502.wav
1704.0,1707.0,Poecile carolinensis,Carolina Chickadee,0.4376,D:\Bird_Anuran_ARUs\IF03\SMM2-28_20260413_061502.wav
1710.0,1713.0,Corvus brachyrhynchos,American Crow,0.7247,D:\Bird_Anuran_ARUs\IF03\SMM2-28_20260413_061502.wav
1716.0,1719.0,Vireo griseus,White-eyed Vireo,0.6714,D:\Bird_Anuran_ARUs\IF03\SMM2-28_20260413_061502.wav
1719.0,1722.0,Vireo griseus,White-eyed Vireo,0.7137,D:\Bird_Anuran_ARUs\IF03\SMM2-28_20260413_061502.wav
1725.0,1728.0,Vireo griseus,White-eyed Vireo,0.5806,D:\Bird_Anuran_ARUs\IF03\SMM2-28_20260413_061502.wav
1731.0,1734.0,Poecile carolinensis,Carolina Chickadee,0.5596,D:\Bird_Anuran_ARUs\IF03\SMM2-28_20260413_061502.wav
1731.0,1734.0,Corvus brachyrhynchos,American Crow,0.2907,D:\Bird_Anuran_ARUs\IF03\SMM2-28_20260413_061502.wav
1734.0,1737.0,Corvus brachyrhynchos,American Crow,0.6793,D:\Bird_Anuran_ARUs\IF03\SMM2-28_20260413_061502.wav
1734.0,1737.0,Poecile carolinensis,Carolina Chickadee,0.4253,D:\Bird_Anuran_ARUs\IF03\SMM2-28_20260413_061502.wav
1737.0,1740.0,Poecile carolinensis,Carolina Chickadee,0.4383,D:\Bird_Anuran_ARUs\IF03\SMM2-28_20260413_061502.wav
1740.0,1743.0,Poecile carolinensis,Carolina Chickadee,0.2795,D:\Bird_Anuran_ARUs\IF03\SMM2-28_20260413_061502.wav
1743.0,1746.0,Vireo griseus,White-eyed Vireo,0.4968,D:\Bird_Anuran_ARUs\IF03\SMM2-28_20260413_061502.wav
1752.0,1755.0,Vireo griseus,White-eyed Vireo,0.8849,D:\Bird_Anuran_ARUs\IF03\SMM2-28_20260413_061502.wav
1758.0,1761.0,Vireo griseus,White-eyed Vireo,0.4768,D:\Bird_Anuran_ARUs\IF03\SMM2-28_20260413_061502.wav
1767.0,1770.0,Vireo griseus,White-eyed Vireo,0.6116,D:\Bird_Anuran_ARUs\IF03\SMM2-28_20260413_061502.wav
1776.0,1779.0,Vireo griseus,White-eyed Vireo,0.9361,D:\Bird_Anuran_ARUs\IF03\SMM2-28_20260413_061502.wav
1779.0,1782.0,Corvus brachyrhynchos,American Crow,0.8212,D:\Bird_Anuran_ARUs\IF03\SMM2-28_20260413_061502.wav
1779.0,1782.0,Pipilo erythrophthalmus,Eastern Towhee,0.2861,D:\Bird_Anuran_ARUs\IF03\SMM2-28_20260413_061502.wav
1785.0,1788.0,Vireo griseus,White-eyed Vireo,0.7332,D:\Bird_Anuran_ARUs\IF03\SMM2-28_20260413_061502.wav
1788.0,1791.0,Vireo griseus,White-eyed Vireo,0.8881,D:\Bird_Anuran_ARUs\IF03\SMM2-28_20260413_061502.wav
1788.0,1791.0,Corvus brachyrhynchos,American Crow,0.4686,D:\Bird_Anuran_ARUs\IF03\SMM2-28_20260413_061502.wav
1794.0,1797.0,Vireo griseus,White-eyed Vireo,0.8506,D:\Bird_Anuran_ARUs\IF03\SMM2-28_20260413_061502.wav
1800.0,1803.0,Vireo griseus,White-eyed Vireo,0.5308,D:\Bird_Anuran_ARUs\IF03\SMM2-28_20260413_061502.wav
1806.0,1809.0,Corvus brachyrhynchos,American Crow,0.3683,D:\Bird_Anuran_ARUs\IF03\SMM2-28_20260413_061502.wav
1812.0,1815.0,Vireo griseus,White-eyed Vireo,0.7722,D:\Bird_Anuran_ARUs\IF03\SMM2-28_20260413_061502.wav
1827.0,1830.0,Setophaga pinus,Pine Warbler,0.4120,D:\Bird_Anuran_ARUs\IF03\SMM2-28_20260413_061502.wav
1833.0,1836.0,Pipilo erythrophthalmus,Eastern Towhee,0.4420,D:\Bird_Anuran_ARUs\IF03\SMM2-28_20260413_061502.wav
1836.0,1839.0,Pipilo erythrophthalmus,Eastern Towhee,0.7774,D:\Bird_Anuran_ARUs\IF03\SMM2-28_20260413_061502.wav
1836.0,1839.0,Corvus brachyrhynchos,American Crow,0.5505,D:\Bird_Anuran_ARUs\IF03\SMM2-28_20260413_061502.wav
1845.0,1848.0,Pipilo erythrophthalmus,Eastern Towhee,0.2947,D:\Bird_Anuran_ARUs\IF03\SMM2-28_20260413_061502.wav
1848.0,1851.0,Pipilo erythrophthalmus,Eastern Towhee,0.2877,D:\Bird_Anuran_ARUs\IF03\SMM2-28_20260413_061502.wav
1857.0,1860.0,Pipilo erythrophthalmus,Eastern Towhee,0.2929,D:\Bird_Anuran_ARUs\IF03\SMM2-28_20260413_061502.wav
1869.0,1872.0,Pipilo erythrophthalmus,Eastern Towhee,0.3550,D:\Bird_Anuran_ARUs\IF03\SMM2-28_20260413_061502.wav
1932.0,1935.0,Cardinalis cardinalis,Northern Cardinal,0.3492,D:\Bird_Anuran_ARUs\IF03\SMM2-28_20260413_061502.wav
1983.0,1986.0,Corvus brachyrhynchos,American Crow,0.6147,D:\Bird_Anuran_ARUs\IF03\SMM2-28_20260413_061502.wav
2010.0,2013.0,Pipilo erythrophthalmus,Eastern Towhee,0.5307,D:\Bird_Anuran_ARUs\IF03\SMM2-28_20260413_061502.wav
2130.0,2133.0,Setophaga pinus,Pine Warbler,0.3833,D:\Bird_Anuran_ARUs\IF03\SMM2-28_20260413_061502.wav
2169.0,2172.0,Seiurus aurocapilla,Ovenbird,0.2643,D:\Bird_Anuran_ARUs\IF03\SMM2-28_20260413_061502.wav
2175.0,2178.0,Pipilo erythrophthalmus,Eastern Towhee,0.4072,D:\Bird_Anuran_ARUs\IF03\SMM2-28_20260413_061502.wav
2202.0,2205.0,Seiurus aurocapilla,Ovenbird,0.2522,D:\Bird_Anuran_ARUs\IF03\SMM2-28_20260413_061502.wav
2247.0,2250.0,Geothlypis trichas,Common Yellowthroat,0.3336,D:\Bird_Anuran_ARUs\IF03\SMM2-28_20260413_061502.wav
2250.0,2253.0,Geothlypis trichas,Common Yellowthroat,0.3419,D:\Bird_Anuran_ARUs\IF03\SMM2-28_20260413_061502.wav
2253.0,2256.0,Parkesia motacilla,Louisiana Waterthrush,0.5061,D:\Bird_Anuran_ARUs\IF03\SMM2-28_20260413_061502.wav
2328.0,2331.0,Seiurus aurocapilla,Ovenbird,0.6170,D:\Bird_Anuran_ARUs\IF03\SMM2-28_20260413_061502.wav
2337.0,2340.0,Setophaga pinus,Pine Warbler,0.7347,D:\Bird_Anuran_ARUs\IF03\SMM2-28_20260413_061502.wav
2340.0,2343.0,Setophaga pinus,Pine Warbler,0.2903,D:\Bird_Anuran_ARUs\IF03\SMM2-28_20260413_061502.wav
2343.0,2346.0,Seiurus aurocapilla,Ovenbird,0.5003,D:\Bird_Anuran_ARUs\IF03\SMM2-28_20260413_061502.wav
2349.0,2352.0,Setophaga pinus,Pine Warbler,0.5003,D:\Bird_Anuran_ARUs\IF03\SMM2-28_20260413_061502.wav
2349.0,2352.0,Pipilo erythrophthalmus,Eastern Towhee,0.2930,D:\Bird_Anuran_ARUs\IF03\SMM2-28_20260413_061502.wav
2364.0,2367.0,Pipilo erythrophthalmus,Eastern Towhee,0.4162,D:\Bird_Anuran_ARUs\IF03\SMM2-28_20260413_061502.wav
2373.0,2376.0,Pipilo erythrophthalmus,Eastern Towhee,0.3148,D:\Bird_Anuran_ARUs\IF03\SMM2-28_20260413_061502.wav
2412.0,2415.0,Pipilo erythrophthalmus,Eastern Towhee,0.3598,D:\Bird_Anuran_ARUs\IF03\SMM2-28_20260413_061502.wav
2421.0,2424.0,Pipilo erythrophthalmus,Eastern Towhee,0.3309,D:\Bird_Anuran_ARUs\IF03\SMM2-28_20260413_061502.wav
2424.0,2427.0,Pipilo erythrophthalmus,Eastern Towhee,0.3816,D:\Bird_Anuran_ARUs\IF03\SMM2-28_20260413_061502.wav
2433.0,2436.0,Setophaga pinus,Pine Warbler,0.2684,D:\Bird_Anuran_ARUs\IF03\SMM2-28_20260413_061502.wav
2439.0,2442.0,Setophaga pinus,Pine Warbler,0.5564,D:\Bird_Anuran_ARUs\IF03\SMM2-28_20260413_061502.wav
2469.0,2472.0,Pipilo erythrophthalmus,Eastern Towhee,0.4488,D:\Bird_Anuran_ARUs\IF03\SMM2-28_20260413_061502.wav
2496.0,2499.0,Setophaga pinus,Pine Warbler,0.2552,D:\Bird_Anuran_ARUs\IF03\SMM2-28_20260413_061502.wav
2508.0,2511.0,Setophaga pinus,Pine Warbler,0.4893,D:\Bird_Anuran_ARUs\IF03\SMM2-28_20260413_061502.wav
2517.0,2520.0,Molothrus ater,Brown-headed Cowbird,0.4646,D:\Bird_Anuran_ARUs\IF03\SMM2-28_20260413_061502.wav
2520.0,2523.0,Baeolophus bicolor,Tufted Titmouse,0.2639,D:\Bird_Anuran_ARUs\IF03\SMM2-28_20260413_061502.wav
2523.0,2526.0,Setophaga pinus,Pine Warbler,0.3313,D:\Bird_Anuran_ARUs\IF03\SMM2-28_20260413_061502.wav
2541.0,2544.0,Setophaga dominica,Yellow-throated Warbler,0.2728,D:\Bird_Anuran_ARUs\IF03\SMM2-28_20260413_061502.wav
2592.0,2595.0,Corvus brachyrhynchos,American Crow,0.3362,D:\Bird_Anuran_ARUs\IF03\SMM2-28_20260413_061502.wav
2595.0,2598.0,Baeolophus bicolor,Tufted Titmouse,0.2847,D:\Bird_Anuran_ARUs\IF03\SMM2-28_20260413_061502.wav
2601.0,2604.0,Baeolophus bicolor,Tufted Titmouse,0.3748,D:\Bird_Anuran_ARUs\IF03\SMM2-28_20260413_061502.wav
2613.0,2616.0,Corvus brachyrhynchos,American Crow,0.6986,D:\Bird_Anuran_ARUs\IF03\SMM2-28_20260413_061502.wav
2622.0,2625.0,Corvus brachyrhynchos,American Crow,0.4041,D:\Bird_Anuran_ARUs\IF03\SMM2-28_20260413_061502.wav
2655.0,2658.0,Corvus brachyrhynchos,American Crow,0.4874,D:\Bird_Anuran_ARUs\IF03\SMM2-28_20260413_061502.wav
2673.0,2676.0,Corvus brachyrhynchos,American Crow,0.2712,D:\Bird_Anuran_ARUs\IF03\SMM2-28_20260413_061502.wav
2676.0,2679.0,Corvus brachyrhynchos,American Crow,0.4274,D:\Bird_Anuran_ARUs\IF03\SMM2-28_20260413_061502.wav
2688.0,2691.0,Corvus brachyrhynchos,American Crow,0.2942,D:\Bird_Anuran_ARUs\IF03\SMM2-28_20260413_061502.wav
2694.0,2697.0,Baeolophus bicolor,Tufted Titmouse,0.2779,D:\Bird_Anuran_ARUs\IF03\SMM2-28_20260413_061502.wav
2697.0,2700.0,Baeolophus bicolor,Tufted Titmouse,0.3066,D:\Bird_Anuran_ARUs\IF03\SMM2-28_20260413_061502.wav
2706.0,2709.0,Corvus brachyrhynchos,American Crow,0.5012,D:\Bird_Anuran_ARUs\IF03\SMM2-28_20260413_061502.wav
2709.0,2712.0,Baeolophus bicolor,Tufted Titmouse,0.3311,D:\Bird_Anuran_ARUs\IF03\SMM2-28_20260413_061502.wav
2727.0,2730.0,Corvus brachyrhynchos,American Crow,0.6406,D:\Bird_Anuran_ARUs\IF03\SMM2-28_20260413_061502.wav
2742.0,2745.0,Corvus brachyrhynchos,American Crow,0.3524,D:\Bird_Anuran_ARUs\IF03\SMM2-28_20260413_061502.wav
2742.0,2745.0,Baeolophus bicolor,Tufted Titmouse,0.2614,D:\Bird_Anuran_ARUs\IF03\SMM2-28_20260413_061502.wav
2748.0,2751.0,Baeolophus bicolor,Tufted Titmouse,0.3324,D:\Bird_Anuran_ARUs\IF03\SMM2-28_20260413_061502.wav
2754.0,2757.0,Baeolophus bicolor,Tufted Titmouse,0.3076,D:\Bird_Anuran_ARUs\IF03\SMM2-28_20260413_061502.wav
2763.0,2766.0,Corvus brachyrhynchos,American Crow,0.2833,D:\Bird_Anuran_ARUs\IF03\SMM2-28_20260413_061502.wav
2781.0,2784.0,Corvus brachyrhynchos,American Crow,0.3664,D:\Bird_Anuran_ARUs\IF03\SMM2-28_20260413_061502.wav
2784.0,2787.0,Baeolophus bicolor,Tufted Titmouse,0.4121,D:\Bird_Anuran_ARUs\IF03\SMM2-28_20260413_061502.wav
2787.0,2790.0,Baeolophus bicolor,Tufted Titmouse,0.4717,D:\Bird_Anuran_ARUs\IF03\SMM2-28_20260413_061502.wav
2811.0,2814.0,Corvus brachyrhynchos,American Crow,0.5953,D:\Bird_Anuran_ARUs\IF03\SMM2-28_20260413_061502.wav
2814.0,2817.0,Setophaga dominica,Yellow-throated Warbler,0.3225,D:\Bird_Anuran_ARUs\IF03\SMM2-28_20260413_061502.wav
2820.0,2823.0,Corvus brachyrhynchos,American Crow,0.3917,D:\Bird_Anuran_ARUs\IF03\SMM2-28_20260413_061502.wav
2823.0,2826.0,Baeolophus bicolor,Tufted Titmouse,0.3241,D:\Bird_Anuran_ARUs\IF03\SMM2-28_20260413_061502.wav
2829.0,2832.0,Setophaga dominica,Yellow-throated Warbler,0.2841,D:\Bird_Anuran_ARUs\IF03\SMM2-28_20260413_061502.wav
2832.0,2835.0,Corvus brachyrhynchos,American Crow,0.3743,D:\Bird_Anuran_ARUs\IF03\SMM2-28_20260413_061502.wav
2835.0,2838.0,Corvus brachyrhynchos,American Crow,0.4055,D:\Bird_Anuran_ARUs\IF03\SMM2-28_20260413_061502.wav
2838.0,2841.0,Baeolophus bicolor,Tufted Titmouse,0.4113,D:\Bird_Anuran_ARUs\IF03\SMM2-28_20260413_061502.wav
2841.0,2844.0,Baeolophus bicolor,Tufted Titmouse,0.5236,D:\Bird_Anuran_ARUs\IF03\SMM2-28_20260413_061502.wav
2844.0,2847.0,Corvus brachyrhynchos,American Crow,0.8099,D:\Bird_Anuran_ARUs\IF03\SMM2-28_20260413_061502.wav
2850.0,2853.0,Corvus brachyrhynchos,American Crow,0.4149,D:\Bird_Anuran_ARUs\IF03\SMM2-28_20260413_061502.wav
2853.0,2856.0,Corvus brachyrhynchos,American Crow,0.7292,D:\Bird_Anuran_ARUs\IF03\SMM2-28_20260413_061502.wav
2856.0,2859.0,Baeolophus bicolor,Tufted Titmouse,0.3925,D:\Bird_Anuran_ARUs\IF03\SMM2-28_20260413_061502.wav
2859.0,2862.0,Baeolophus bicolor,Tufted Titmouse,0.2800,D:\Bird_Anuran_ARUs\IF03\SMM2-28_20260413_061502.wav
2862.0,2865.0,Baeolophus bicolor,Tufted Titmouse,0.3261,D:\Bird_Anuran_ARUs\IF03\SMM2-28_20260413_061502.wav
2862.0,2865.0,Corvus brachyrhynchos,American Crow,0.3133,D:\Bird_Anuran_ARUs\IF03\SMM2-28_20260413_061502.wav
2865.0,2868.0,Baeolophus bicolor,Tufted Titmouse,0.4861,D:\Bird_Anuran_ARUs\IF03\SMM2-28_20260413_061502.wav
2868.0,2871.0,Baeolophus bicolor,Tufted Titmouse,0.7358,D:\Bird_Anuran_ARUs\IF03\SMM2-28_20260413_061502.wav
2874.0,2877.0,Corvus brachyrhynchos,American Crow,0.4614,D:\Bird_Anuran_ARUs\IF03\SMM2-28_20260413_061502.wav
2883.0,2886.0,Baeolophus bicolor,Tufted Titmouse,0.3066,D:\Bird_Anuran_ARUs\IF03\SMM2-28_20260413_061502.wav
2886.0,2889.0,Seiurus aurocapilla,Ovenbird,0.2890,D:\Bird_Anuran_ARUs\IF03\SMM2-28_20260413_061502.wav
2889.0,2892.0,Baeolophus bicolor,Tufted Titmouse,0.2687,D:\Bird_Anuran_ARUs\IF03\SMM2-28_20260413_061502.wav
2892.0,2895.0,Corvus brachyrhynchos,American Crow,0.6150,D:\Bird_Anuran_ARUs\IF03\SMM2-28_20260413_061502.wav
2895.0,2898.0,Corvus brachyrhynchos,American Crow,0.7867,D:\Bird_Anuran_ARUs\IF03\SMM2-28_20260413_061502.wav
2901.0,2904.0,Setophaga pinus,Pine Warbler,0.7022,D:\Bird_Anuran_ARUs\IF03\SMM2-28_20260413_061502.wav
2904.0,2907.0,Setophaga pinus,Pine Warbler,0.7915,D:\Bird_Anuran_ARUs\IF03\SMM2-28_20260413_061502.wav
2907.0,2910.0,Corvus brachyrhynchos,American Crow,0.7119,D:\Bird_Anuran_ARUs\IF03\SMM2-28_20260413_061502.wav
2916.0,2919.0,Setophaga pinus,Pine Warbler,0.5448,D:\Bird_Anuran_ARUs\IF03\SMM2-28_20260413_061502.wav
2922.0,2925.0,Corvus brachyrhynchos,American Crow,0.9119,D:\Bird_Anuran_ARUs\IF03\SMM2-28_20260413_061502.wav
2931.0,2934.0,Corvus brachyrhynchos,American Crow,0.6831,D:\Bird_Anuran_ARUs\IF03\SMM2-28_20260413_061502.wav
2937.0,2940.0,Corvus brachyrhynchos,American Crow,0.4082,D:\Bird_Anuran_ARUs\IF03\SMM2-28_20260413_061502.wav
2967.0,2970.0,Baeolophus bicolor,Tufted Titmouse,0.7520,D:\Bird_Anuran_ARUs\IF03\SMM2-28_20260413_061502.wav
2970.0,2973.0,Baeolophus bicolor,Tufted Titmouse,0.8006,D:\Bird_Anuran_ARUs\IF03\SMM2-28_20260413_061502.wav
2973.0,2976.0,Baeolophus bicolor,Tufted Titmouse,0.4320,D:\Bird_Anuran_ARUs\IF03\SMM2-28_20260413_061502.wav
2976.0,2979.0,Molothrus ater,Brown-headed Cowbird,0.2522,D:\Bird_Anuran_ARUs\IF03\SMM2-28_20260413_061502.wav
2979.0,2982.0,Baeolophus bicolor,Tufted Titmouse,0.4163,D:\Bird_Anuran_ARUs\IF03\SMM2-28_20260413_061502.wav
2982.0,2985.0,Baeolophus bicolor,Tufted Titmouse,0.6624,D:\Bird_Anuran_ARUs\IF03\SMM2-28_20260413_061502.wav
2985.0,2988.0,Baeolophus bicolor,Tufted Titmouse,0.3401,D:\Bird_Anuran_ARUs\IF03\SMM2-28_20260413_061502.wav
2991.0,2994.0,Baeolophus bicolor,Tufted Titmouse,0.6333,D:\Bird_Anuran_ARUs\IF03\SMM2-28_20260413_061502.wav
2994.0,2997.0,Baeolophus bicolor,Tufted Titmouse,0.2689,D:\Bird_Anuran_ARUs\IF03\SMM2-28_20260413_061502.wav
3000.0,3003.0,Baeolophus bicolor,Tufted Titmouse,0.5672,D:\Bird_Anuran_ARUs\IF03\SMM2-28_20260413_061502.wav
3003.0,3006.0,Baeolophus bicolor,Tufted Titmouse,0.3571,D:\Bird_Anuran_ARUs\IF03\SMM2-28_20260413_061502.wav
3006.0,3009.0,Baeolophus bicolor,Tufted Titmouse,0.3978,D:\Bird_Anuran_ARUs\IF03\SMM2-28_20260413_061502.wav
3009.0,3012.0,Baeolophus bicolor,Tufted Titmouse,0.6715,D:\Bird_Anuran_ARUs\IF03\SMM2-28_20260413_061502.wav
3012.0,3015.0,Baeolophus bicolor,Tufted Titmouse,0.5463,D:\Bird_Anuran_ARUs\IF03\SMM2-28_20260413_061502.wav
3012.0,3015.0,Setophaga dominica,Yellow-throated Warbler,0.3012,D:\Bird_Anuran_ARUs\IF03\SMM2-28_20260413_061502.wav
3015.0,3018.0,Baeolophus bicolor,Tufted Titmouse,0.3663,D:\Bird_Anuran_ARUs\IF03\SMM2-28_20260413_061502.wav
3018.0,3021.0,Baeolophus bicolor,Tufted Titmouse,0.7198,D:\Bird_Anuran_ARUs\IF03\SMM2-28_20260413_061502.wav
3027.0,3030.0,Baeolophus bicolor,Tufted Titmouse,0.2897,D:\Bird_Anuran_ARUs\IF03\SMM2-28_20260413_061502.wav
3030.0,3033.0,Baeolophus bicolor,Tufted Titmouse,0.5390,D:\Bird_Anuran_ARUs\IF03\SMM2-28_20260413_061502.wav
3030.0,3033.0,Setophaga dominica,Yellow-throated Warbler,0.2757,D:\Bird_Anuran_ARUs\IF03\SMM2-28_20260413_061502.wav
3033.0,3036.0,Baeolophus bicolor,Tufted Titmouse,0.4620,D:\Bird_Anuran_ARUs\IF03\SMM2-28_20260413_061502.wav
3036.0,3039.0,Setophaga dominica,Yellow-throated Warbler,0.3351,D:\Bird_Anuran_ARUs\IF03\SMM2-28_20260413_061502.wav
3042.0,3045.0,Baeolophus bicolor,Tufted Titmouse,0.5887,D:\Bird_Anuran_ARUs\IF03\SMM2-28_20260413_061502.wav
3045.0,3048.0,Baeolophus bicolor,Tufted Titmouse,0.4163,D:\Bird_Anuran_ARUs\IF03\SMM2-28_20260413_061502.wav
3048.0,3051.0,Baeolophus bicolor,Tufted Titmouse,0.3167,D:\Bird_Anuran_ARUs\IF03\SMM2-28_20260413_061502.wav
3054.0,3057.0,Baeolophus bicolor,Tufted Titmouse,0.4391,D:\Bird_Anuran_ARUs\IF03\SMM2-28_20260413_061502.wav
3054.0,3057.0,Setophaga dominica,Yellow-throated Warbler,0.4249,D:\Bird_Anuran_ARUs\IF03\SMM2-28_20260413_061502.wav
3057.0,3060.0,Baeolophus bicolor,Tufted Titmouse,0.6831,D:\Bird_Anuran_ARUs\IF03\SMM2-28_20260413_061502.wav
3060.0,3063.0,Baeolophus bicolor,Tufted Titmouse,0.7606,D:\Bird_Anuran_ARUs\IF03\SMM2-28_20260413_061502.wav
3060.0,3063.0,Setophaga dominica,Yellow-throated Warbler,0.2502,D:\Bird_Anuran_ARUs\IF03\SMM2-28_20260413_061502.wav
3063.0,3066.0,Baeolophus bicolor,Tufted Titmouse,0.6995,D:\Bird_Anuran_ARUs\IF03\SMM2-28_20260413_061502.wav
3066.0,3069.0,Baeolophus bicolor,Tufted Titmouse,0.3253,D:\Bird_Anuran_ARUs\IF03\SMM2-28_20260413_061502.wav
3069.0,3072.0,Baeolophus bicolor,Tufted Titmouse,0.4704,D:\Bird_Anuran_ARUs\IF03\SMM2-28_20260413_061502.wav
3069.0,3072.0,Setophaga dominica,Yellow-throated Warbler,0.2587,D:\Bird_Anuran_ARUs\IF03\SMM2-28_20260413_061502.wav
3072.0,3075.0,Baeolophus bicolor,Tufted Titmouse,0.6056,D:\Bird_Anuran_ARUs\IF03\SMM2-28_20260413_061502.wav
3075.0,3078.0,Baeolophus bicolor,Tufted Titmouse,0.4394,D:\Bird_Anuran_ARUs\IF03\SMM2-28_20260413_061502.wav
3075.0,3078.0,Setophaga dominica,Yellow-throated Warbler,0.3364,D:\Bird_Anuran_ARUs\IF03\SMM2-28_20260413_061502.wav
3078.0,3081.0,Setophaga pinus,Pine Warbler,0.7212,D:\Bird_Anuran_ARUs\IF03\SMM2-28_20260413_061502.wav
3078.0,3081.0,Baeolophus bicolor,Tufted Titmouse,0.3165,D:\Bird_Anuran_ARUs\IF03\SMM2-28_20260413_061502.wav
3081.0,3084.0,Baeolophus bicolor,Tufted Titmouse,0.6420,D:\Bird_Anuran_ARUs\IF03\SMM2-28_20260413_061502.wav
3084.0,3087.0,Baeolophus bicolor,Tufted Titmouse,0.3978,D:\Bird_Anuran_ARUs\IF03\SMM2-28_20260413_061502.wav
3090.0,3093.0,Baeolophus bicolor,Tufted Titmouse,0.2988,D:\Bird_Anuran_ARUs\IF03\SMM2-28_20260413_061502.wav
3093.0,3096.0,Baeolophus bicolor,Tufted Titmouse,0.5843,D:\Bird_Anuran_ARUs\IF03\SMM2-28_20260413_061502.wav
3096.0,3099.0,Baeolophus bicolor,Tufted Titmouse,0.2978,D:\Bird_Anuran_ARUs\IF03\SMM2-28_20260413_061502.wav
3099.0,3102.0,Baeolophus bicolor,Tufted Titmouse,0.5983,D:\Bird_Anuran_ARUs\IF03\SMM2-28_20260413_061502.wav
3102.0,3105.0,Baeolophus bicolor,Tufted Titmouse,0.4266,D:\Bird_Anuran_ARUs\IF03\SMM2-28_20260413_061502.wav
3105.0,3108.0,Baeolophus bicolor,Tufted Titmouse,0.5850,D:\Bird_Anuran_ARUs\IF03\SMM2-28_20260413_061502.wav
3108.0,3111.0,Baeolophus bicolor,Tufted Titmouse,0.5120,D:\Bird_Anuran_ARUs\IF03\SMM2-28_20260413_061502.wav
3111.0,3114.0,Baeolophus bicolor,Tufted Titmouse,0.5945,D:\Bird_Anuran_ARUs\IF03\SMM2-28_20260413_061502.wav
3114.0,3117.0,Baeolophus bicolor,Tufted Titmouse,0.6710,D:\Bird_Anuran_ARUs\IF03\SMM2-28_20260413_061502.wav
3120.0,3123.0,Baeolophus bicolor,Tufted Titmouse,0.6000,D:\Bird_Anuran_ARUs\IF03\SMM2-28_20260413_061502.wav
3123.0,3126.0,Baeolophus bicolor,Tufted Titmouse,0.9044,D:\Bird_Anuran_ARUs\IF03\SMM2-28_20260413_061502.wav
3126.0,3129.0,Baeolophus bicolor,Tufted Titmouse,0.3148,D:\Bird_Anuran_ARUs\IF03\SMM2-28_20260413_061502.wav
3129.0,3132.0,Baeolophus bicolor,Tufted Titmouse,0.5025,D:\Bird_Anuran_ARUs\IF03\SMM2-28_20260413_061502.wav
3132.0,3135.0,Baeolophus bicolor,Tufted Titmouse,0.5632,D:\Bird_Anuran_ARUs\IF03\SMM2-28_20260413_061502.wav
3135.0,3138.0,Baeolophus bicolor,Tufted Titmouse,0.4205,D:\Bird_Anuran_ARUs\IF03\SMM2-28_20260413_061502.wav
3138.0,3141.0,Baeolophus bicolor,Tufted Titmouse,0.5438,D:\Bird_Anuran_ARUs\IF03\SMM2-28_20260413_061502.wav
3141.0,3144.0,Baeolophus bicolor,Tufted Titmouse,0.7054,D:\Bird_Anuran_ARUs\IF03\SMM2-28_20260413_061502.wav
3144.0,3147.0,Baeolophus bicolor,Tufted Titmouse,0.7127,D:\Bird_Anuran_ARUs\IF03\SMM2-28_20260413_061502.wav
3147.0,3150.0,Baeolophus bicolor,Tufted Titmouse,0.6007,D:\Bird_Anuran_ARUs\IF03\SMM2-28_20260413_061502.wav
3147.0,3150.0,Setophaga dominica,Yellow-throated Warbler,0.3020,D:\Bird_Anuran_ARUs\IF03\SMM2-28_20260413_061502.wav
3150.0,3153.0,Baeolophus bicolor,Tufted Titmouse,0.6083,D:\Bird_Anuran_ARUs\IF03\SMM2-28_20260413_061502.wav
3153.0,3156.0,Baeolophus bicolor,Tufted Titmouse,0.8394,D:\Bird_Anuran_ARUs\IF03\SMM2-28_20260413_061502.wav
3156.0,3159.0,Baeolophus bicolor,Tufted Titmouse,0.4139,D:\Bird_Anuran_ARUs\IF03\SMM2-28_20260413_061502.wav
3162.0,3165.0,Baeolophus bicolor,Tufted Titmouse,0.6048,D:\Bird_Anuran_ARUs\IF03\SMM2-28_20260413_061502.wav
3165.0,3168.0,Baeolophus bicolor,Tufted Titmouse,0.7121,D:\Bird_Anuran_ARUs\IF03\SMM2-28_20260413_061502.wav
3168.0,3171.0,Baeolophus bicolor,Tufted Titmouse,0.4679,D:\Bird_Anuran_ARUs\IF03\SMM2-28_20260413_061502.wav
3171.0,3174.0,Baeolophus bicolor,Tufted Titmouse,0.3590,D:\Bird_Anuran_ARUs\IF03\SMM2-28_20260413_061502.wav
3174.0,3177.0,Baeolophus bicolor,Tufted Titmouse,0.6614,D:\Bird_Anuran_ARUs\IF03\SMM2-28_20260413_061502.wav
3177.0,3180.0,Baeolophus bicolor,Tufted Titmouse,0.5347,D:\Bird_Anuran_ARUs\IF03\SMM2-28_20260413_061502.wav
3180.0,3183.0,Baeolophus bicolor,Tufted Titmouse,0.6821,D:\Bird_Anuran_ARUs\IF03\SMM2-28_20260413_061502.wav
3183.0,3186.0,Baeolophus bicolor,Tufted Titmouse,0.7857,D:\Bird_Anuran_ARUs\IF03\SMM2-28_20260413_061502.wav
3186.0,3189.0,Baeolophus bicolor,Tufted Titmouse,0.4571,D:\Bird_Anuran_ARUs\IF03\SMM2-28_20260413_061502.wav
3189.0,3192.0,Baeolophus bicolor,Tufted Titmouse,0.6715,D:\Bird_Anuran_ARUs\IF03\SMM2-28_20260413_061502.wav
3192.0,3195.0,Baeolophus bicolor,Tufted Titmouse,0.3797,D:\Bird_Anuran_ARUs\IF03\SMM2-28_20260413_061502.wav
3195.0,3198.0,Baeolophus bicolor,Tufted Titmouse,0.8256,D:\Bird_Anuran_ARUs\IF03\SMM2-28_20260413_061502.wav
3198.0,3201.0,Baeolophus bicolor,Tufted Titmouse,0.6143,D:\Bird_Anuran_ARUs\IF03\SMM2-28_20260413_061502.wav
3201.0,3204.0,Baeolophus bicolor,Tufted Titmouse,0.6382,D:\Bird_Anuran_ARUs\IF03\SMM2-28_20260413_061502.wav
3204.0,3207.0,Baeolophus bicolor,Tufted Titmouse,0.3243,D:\Bird_Anuran_ARUs\IF03\SMM2-28_20260413_061502.wav
3207.0,3210.0,Baeolophus bicolor,Tufted Titmouse,0.7477,D:\Bird_Anuran_ARUs\IF03\SMM2-28_20260413_061502.wav
3210.0,3213.0,Baeolophus bicolor,Tufted Titmouse,0.7756,D:\Bird_Anuran_ARUs\IF03\SMM2-28_20260413_061502.wav
3213.0,3216.0,Baeolophus bicolor,Tufted Titmouse,0.3989,D:\Bird_Anuran_ARUs\IF03\SMM2-28_20260413_061502.wav
3216.0,3219.0,Baeolophus bicolor,Tufted Titmouse,0.4275,D:\Bird_Anuran_ARUs\IF03\SMM2-28_20260413_061502.wav
3219.0,3222.0,Baeolophus bicolor,Tufted Titmouse,0.6635,D:\Bird_Anuran_ARUs\IF03\SMM2-28_20260413_061502.wav
3222.0,3225.0,Baeolophus bicolor,Tufted Titmouse,0.4490,D:\Bird_Anuran_ARUs\IF03\SMM2-28_20260413_061502.wav
3225.0,3228.0,Baeolophus bicolor,Tufted Titmouse,0.2990,D:\Bird_Anuran_ARUs\IF03\SMM2-28_20260413_061502.wav
3228.0,3231.0,Baeolophus bicolor,Tufted Titmouse,0.6501,D:\Bird_Anuran_ARUs\IF03\SMM2-28_20260413_061502.wav
3231.0,3234.0,Baeolophus bicolor,Tufted Titmouse,0.4624,D:\Bird_Anuran_ARUs\IF03\SMM2-28_20260413_061502.wav
3234.0,3237.0,Baeolophus bicolor,Tufted Titmouse,0.6921,D:\Bird_Anuran_ARUs\IF03\SMM2-28_20260413_061502.wav
3234.0,3237.0,Setophaga dominica,Yellow-throated Warbler,0.3209,D:\Bird_Anuran_ARUs\IF03\SMM2-28_20260413_061502.wav
3237.0,3240.0,Baeolophus bicolor,Tufted Titmouse,0.4705,D:\Bird_Anuran_ARUs\IF03\SMM2-28_20260413_061502.wav
3240.0,3243.0,Baeolophus bicolor,Tufted Titmouse,0.4398,D:\Bird_Anuran_ARUs\IF03\SMM2-28_20260413_061502.wav
3243.0,3246.0,Baeolophus bicolor,Tufted Titmouse,0.7313,D:\Bird_Anuran_ARUs\IF03\SMM2-28_20260413_061502.wav
3246.0,3249.0,Baeolophus bicolor,Tufted Titmouse,0.6581,D:\Bird_Anuran_ARUs\IF03\SMM2-28_20260413_061502.wav
3249.0,3252.0,Baeolophus bicolor,Tufted Titmouse,0.6846,D:\Bird_Anuran_ARUs\IF03\SMM2-28_20260413_061502.wav
3252.0,3255.0,Baeolophus bicolor,Tufted Titmouse,0.4930,D:\Bird_Anuran_ARUs\IF03\SMM2-28_20260413_061502.wav
3255.0,3258.0,Baeolophus bicolor,Tufted Titmouse,0.8148,D:\Bird_Anuran_ARUs\IF03\SMM2-28_20260413_061502.wav
3258.0,3261.0,Baeolophus bicolor,Tufted Titmouse,0.3914,D:\Bird_Anuran_ARUs\IF03\SMM2-28_20260413_061502.wav
3261.0,3264.0,Baeolophus bicolor,Tufted Titmouse,0.9128,D:\Bird_Anuran_ARUs\IF03\SMM2-28_20260413_061502.wav
3264.0,3267.0,Baeolophus bicolor,Tufted Titmouse,0.6248,D:\Bird_Anuran_ARUs\IF03\SMM2-28_20260413_061502.wav
3267.0,3270.0,Baeolophus bicolor,Tufted Titmouse,0.7734,D:\Bird_Anuran_ARUs\IF03\SMM2-28_20260413_061502.wav
3270.0,3273.0,Baeolophus bicolor,Tufted Titmouse,0.2502,D:\Bird_Anuran_ARUs\IF03\SMM2-28_20260413_061502.wav
3273.0,3276.0,Baeolophus bicolor,Tufted Titmouse,0.6971,D:\Bird_Anuran_ARUs\IF03\SMM2-28_20260413_061502.wav
3276.0,3279.0,Baeolophus bicolor,Tufted Titmouse,0.7685,D:\Bird_Anuran_ARUs\IF03\SMM2-28_20260413_061502.wav
3279.0,3282.0,Baeolophus bicolor,Tufted Titmouse,0.7803,D:\Bird_Anuran_ARUs\IF03\SMM2-28_20260413_061502.wav
3285.0,3288.0,Baeolophus bicolor,Tufted Titmouse,0.5143,D:\Bird_Anuran_ARUs\IF03\SMM2-28_20260413_061502.wav
3288.0,3291.0,Baeolophus bicolor,Tufted Titmouse,0.3727,D:\Bird_Anuran_ARUs\IF03\SMM2-28_20260413_061502.wav
3291.0,3294.0,Baeolophus bicolor,Tufted Titmouse,0.6444,D:\Bird_Anuran_ARUs\IF03\SMM2-28_20260413_061502.wav
3294.0,3297.0,Setophaga dominica,Yellow-throated Warbler,0.3118,D:\Bird_Anuran_ARUs\IF03\SMM2-28_20260413_061502.wav
3297.0,3300.0,Baeolophus bicolor,Tufted Titmouse,0.6769,D:\Bird_Anuran_ARUs\IF03\SMM2-28_20260413_061502.wav
3300.0,3303.0,Baeolophus bicolor,Tufted Titmouse,0.4880,D:\Bird_Anuran_ARUs\IF03\SMM2-28_20260413_061502.wav
3303.0,3306.0,Baeolophus bicolor,Tufted Titmouse,0.5397,D:\Bird_Anuran_ARUs\IF03\SMM2-28_20260413_061502.wav
3306.0,3309.0,Baeolophus bicolor,Tufted Titmouse,0.8392,D:\Bird_Anuran_ARUs\IF03\SMM2-28_20260413_061502.wav
3309.0,3312.0,Baeolophus bicolor,Tufted Titmouse,0.5999,D:\Bird_Anuran_ARUs\IF03\SMM2-28_20260413_061502.wav
3315.0,3318.0,Baeolophus bicolor,Tufted Titmouse,0.3528,D:\Bird_Anuran_ARUs\IF03\SMM2-28_20260413_061502.wav
3318.0,3321.0,Baeolophus bicolor,Tufted Titmouse,0.3329,D:\Bird_Anuran_ARUs\IF03\SMM2-28_20260413_061502.wav
3321.0,3324.0,Baeolophus bicolor,Tufted Titmouse,0.4300,D:\Bird_Anuran_ARUs\IF03\SMM2-28_20260413_061502.wav
3324.0,3327.0,Baeolophus bicolor,Tufted Titmouse,0.8301,D:\Bird_Anuran_ARUs\IF03\SMM2-28_20260413_061502.wav
3327.0,3330.0,Baeolophus bicolor,Tufted Titmouse,0.8001,D:\Bird_Anuran_ARUs\IF03\SMM2-28_20260413_061502.wav
3330.0,3333.0,Baeolophus bicolor,Tufted Titmouse,0.6880,D:\Bird_Anuran_ARUs\IF03\SMM2-28_20260413_061502.wav
3333.0,3336.0,Baeolophus bicolor,Tufted Titmouse,0.6201,D:\Bird_Anuran_ARUs\IF03\SMM2-28_20260413_061502.wav
3336.0,3339.0,Baeolophus bicolor,Tufted Titmouse,0.5528,D:\Bird_Anuran_ARUs\IF03\SMM2-28_20260413_061502.wav
3348.0,3351.0,Setophaga pinus,Pine Warbler,0.3920,D:\Bird_Anuran_ARUs\IF03\SMM2-28_20260413_061502.wav
3357.0,3360.0,Setophaga pinus,Pine Warbler,0.6086,D:\Bird_Anuran_ARUs\IF03\SMM2-28_20260413_061502.wav
3369.0,3372.0,Setophaga pinus,Pine Warbler,0.3728,D:\Bird_Anuran_ARUs\IF03\SMM2-28_20260413_061502.wav
3408.0,3411.0,Setophaga pinus,Pine Warbler,0.5381,D:\Bird_Anuran_ARUs\IF03\SMM2-28_20260413_061502.wav
3417.0,3420.0,Setophaga pinus,Pine Warbler,0.3063,D:\Bird_Anuran_ARUs\IF03\SMM2-28_20260413_061502.wav
3432.0,3435.0,Setophaga dominica,Yellow-throated Warbler,0.4690,D:\Bird_Anuran_ARUs\IF03\SMM2-28_20260413_061502.wav
3468.0,3471.0,Setophaga pinus,Pine Warbler,0.3361,D:\Bird_Anuran_ARUs\IF03\SMM2-28_20260413_061502.wav
3471.0,3474.0,Cardinalis cardinalis,Northern Cardinal,0.2645,D:\Bird_Anuran_ARUs\IF03\SMM2-28_20260413_061502.wav
3474.0,3477.0,Setophaga pinus,Pine Warbler,0.3954,D:\Bird_Anuran_ARUs\IF03\SMM2-28_20260413_061502.wav
3477.0,3480.0,Cardinalis cardinalis,Northern Cardinal,0.3985,D:\Bird_Anuran_ARUs\IF03\SMM2-28_20260413_061502.wav
3489.0,3492.0,Molothrus ater,Brown-headed Cowbird,0.5263,D:\Bird_Anuran_ARUs\IF03\SMM2-28_20260413_061502.wav
3492.0,3495.0,Parkesia motacilla,Louisiana Waterthrush,0.2689,D:\Bird_Anuran_ARUs\IF03\SMM2-28_20260413_061502.wav
3519.0,3522.0,Setophaga dominica,Yellow-throated Warbler,0.3305,D:\Bird_Anuran_ARUs\IF03\SMM2-28_20260413_061502.wav
3558.0,3561.0,Pipilo erythrophthalmus,Eastern Towhee,0.3503,D:\Bird_Anuran_ARUs\IF03\SMM2-28_20260413_061502.wav
3561.0,3564.0,Cardinalis cardinalis,Northern Cardinal,0.2983,D:\Bird_Anuran_ARUs\IF03\SMM2-28_20260413_061502.wav
3573.0,3576.0,Poecile carolinensis,Carolina Chickadee,0.4983,D:\Bird_Anuran_ARUs\IF03\SMM2-28_20260413_061502.wav
3582.0,3585.0,Poecile carolinensis,Carolina Chickadee,0.7903,D:\Bird_Anuran_ARUs\IF03\SMM2-28_20260413_061502.wav
3582.0,3585.0,Baeolophus bicolor,Tufted Titmouse,0.5039,D:\Bird_Anuran_ARUs\IF03\SMM2-28_20260413_061502.wav
3585.0,3588.0,Poecile carolinensis,Carolina Chickadee,0.7909,D:\Bird_Anuran_ARUs\IF03\SMM2-28_20260413_061502.wav
3588.0,3591.0,Pipilo erythrophthalmus,Eastern Towhee,0.2744,D:\Bird_Anuran_ARUs\IF03\SMM2-28_20260413_061502.wav
